4 0.563328 0.065289 0.098510 0.104132
4 0.562914 0.933884 0.091060 0.097521
3 0.436672 0.066529 0.098510 0.098347
3 0.439156 0.937603 0.098510 0.095041
0 0.065397 0.071074 0.072848 0.092562
0 0.936672 0.071901 0.072020 0.090909
0 0.934189 0.938843 0.067053 0.089256
0 0.066225 0.938843 0.071192 0.089256
1 0.189570 0.066116 0.084437 0.097521
1 0.808775 0.065702 0.084437 0.098347
1 0.809603 0.934711 0.082781 0.092562
1 0.187914 0.934711 0.084437 0.092562
2 0.312914 0.066116 0.074503 0.099174
2 0.684189 0.066116 0.076987 0.099174
2 0.687086 0.932231 0.071192 0.102479
2 0.312914 0.933058 0.071192 0.100826
5 0.064983 0.199174 0.067053 0.084298
5 0.190397 0.198760 0.062914 0.085124
5 0.314983 0.197107 0.063742 0.085124
5 0.437914 0.200000 0.064570 0.085950
5 0.564983 0.199174 0.067053 0.084298
5 0.685017 0.200826 0.067053 0.087603
5 0.809603 0.198347 0.066225 0.082645
5 0.934603 0.199174 0.064570 0.084298
5 0.562086 0.570661 0.061258 0.080165
5 0.067053 0.816942 0.061258 0.085124
5 0.188742 0.819008 0.062914 0.084298
5 0.313328 0.816942 0.057119 0.080165
5 0.437086 0.818595 0.066225 0.085124
5 0.687500 0.819008 0.067053 0.080992
5 0.811258 0.819008 0.062914 0.080992
5 0.936258 0.819835 0.061258 0.085950
