5 0.210000 0.620075 0.052500 0.099437
5 0.294375 0.619137 0.048750 0.101313
5 0.385000 0.618199 0.045000 0.088180
5 0.470000 0.602251 0.037500 0.075047
5 0.554375 0.602251 0.041250 0.071295
5 0.632500 0.611632 0.037500 0.093809
5 0.700625 0.616323 0.046250 0.103189
5 0.793125 0.623827 0.048750 0.091932
5 0.273125 0.213884 0.038750 0.086304
5 0.343125 0.213884 0.031250 0.082552
5 0.409375 0.215760 0.033750 0.082552
5 0.468750 0.216698 0.032500 0.084428
5 0.530625 0.218574 0.031250 0.080675
5 0.596250 0.216698 0.035000 0.080675
5 0.662500 0.219512 0.032500 0.086304
5 0.727500 0.212946 0.035000 0.076923
0 0.282500 0.142589 0.042500 0.097561
0 0.717500 0.147280 0.037500 0.103189
0 0.187500 0.725141 0.070000 0.133208
0 0.808750 0.735460 0.065000 0.127580
1 0.345625 0.130394 0.046250 0.114447
1 0.655000 0.138837 0.042500 0.116323
1 0.275000 0.719512 0.072500 0.144465
1 0.730000 0.723265 0.072500 0.140713
2 0.411875 0.131332 0.036250 0.093809
2 0.590000 0.138837 0.032500 0.108818
2 0.635625 0.720450 0.056250 0.131332
2 0.367500 0.719512 0.052500 0.121951
3 0.471875 0.136023 0.041250 0.125704
3 0.454375 0.711069 0.063750 0.157598
4 0.526875 0.122889 0.041250 0.151970
4 0.546875 0.706379 0.061250 0.170732
