5 0.062500 0.193333 0.066489 0.088000
5 0.190160 0.193333 0.066489 0.082667
5 0.315160 0.193333 0.071809 0.088000
5 0.436170 0.194667 0.074468 0.085333
5 0.563830 0.193333 0.074468 0.088000
5 0.688830 0.196000 0.069149 0.088000
5 0.812500 0.193333 0.066489 0.088000
5 0.937500 0.192000 0.066489 0.090667
5 0.061170 0.818667 0.063830 0.085333
5 0.187500 0.820000 0.061170 0.088000
5 0.312500 0.818667 0.066489 0.090667
5 0.437500 0.820000 0.071809 0.082667
5 0.563830 0.818667 0.063830 0.090667
5 0.687500 0.820000 0.066489 0.088000
5 0.812500 0.818667 0.061170 0.085333
5 0.938830 0.821333 0.063830 0.085333
0 0.061170 0.064000 0.079787 0.085333
0 0.937500 0.064000 0.071809 0.085333
0 0.061170 0.944000 0.069149 0.085333
0 0.936170 0.944000 0.069149 0.085333
1 0.187500 0.062667 0.087766 0.093333
1 0.811170 0.062667 0.090426 0.093333
1 0.811170 0.941333 0.090426 0.090667
1 0.186170 0.941333 0.090426 0.090667
2 0.313830 0.053333 0.053191 0.085333
2 0.687500 0.054667 0.055851 0.077333
2 0.688830 0.933333 0.053191 0.080000
2 0.312500 0.928000 0.050532 0.080000
3 0.436170 0.061333 0.111702 0.096000
3 0.436170 0.937333 0.106383 0.093333
4 0.562500 0.061333 0.098404 0.096000
4 0.562500 0.937333 0.093085 0.093333
