0 0.129431 0.647138 0.039465 0.086195
0 0.686622 0.824916 0.047492 0.091582
0 0.895987 0.493266 0.027425 0.078788
0 0.406355 0.374074 0.032776 0.073401
0 0.152843 0.234343 0.058194 0.028283
0 0.369565 0.067677 0.055518 0.027609
0 0.198328 0.388552 0.058194 0.029630
0 0.396990 0.208754 0.051505 0.022896
1 0.176589 0.596296 0.048161 0.093603
1 0.373579 0.403704 0.040803 0.082828
1 0.875251 0.533333 0.039465 0.087542
1 0.725084 0.768350 0.046823 0.092929
1 0.194983 0.205724 0.062207 0.028956
1 0.232107 0.360606 0.062876 0.028956
1 0.374916 0.232323 0.055518 0.029630
1 0.347157 0.086869 0.050836 0.022896
2 0.219732 0.544444 0.035452 0.101684
2 0.338796 0.431650 0.036789 0.090236
2 0.848829 0.568350 0.026756 0.106397
2 0.758528 0.703704 0.034783 0.105051
2 0.270903 0.329630 0.069565 0.032997
2 0.355853 0.256566 0.062876 0.024242
2 0.321739 0.109091 0.070903 0.026936
2 0.229766 0.173401 0.072910 0.035690
4 0.261873 0.483838 0.036789 0.143434
4 0.789632 0.636364 0.036789 0.148148
4 0.311706 0.305387 0.090970 0.032997
3 0.301672 0.455219 0.042809 0.117172
3 0.818395 0.598316 0.031438 0.125926
3 0.332107 0.280135 0.080936 0.025589
5 0.207023 0.672727 0.035452 0.071380
5 0.251839 0.628956 0.031438 0.070034
5 0.295318 0.581818 0.030100 0.064646
5 0.333445 0.541751 0.032776 0.070707
5 0.370903 0.501684 0.030100 0.059259
5 0.402007 0.465993 0.026756 0.061953
5 0.437793 0.429293 0.032776 0.065320
5 0.471906 0.396296 0.032776 0.059933
5 0.602007 0.804040 0.030769 0.070034
5 0.642475 0.748822 0.038127 0.074074
5 0.676589 0.696296 0.035452 0.067340
5 0.707358 0.650505 0.031438 0.070034
5 0.737793 0.606061 0.029431 0.067340
5 0.762876 0.563300 0.026087 0.063973
5 0.789298 0.525253 0.026756 0.063300
5 0.817391 0.482828 0.026756 0.064646
5 0.159532 0.290236 0.054181 0.025589
5 0.201338 0.258586 0.044147 0.022896
5 0.231773 0.231650 0.051505 0.028283
5 0.266221 0.208081 0.042809 0.026936
5 0.293645 0.182155 0.046823 0.018182
5 0.379264 0.116162 0.041472 0.018182
5 0.180936 0.339057 0.054181 0.023569
5 0.219064 0.311111 0.051505 0.021549
5 0.246823 0.280135 0.044147 0.022896
5 0.279599 0.257239 0.046823 0.025589
5 0.307358 0.231650 0.042140 0.022896
5 0.335786 0.206734 0.040134 0.021549
5 0.360870 0.187205 0.035452 0.017508
5 0.383612 0.164310 0.038127 0.020202
