5 0.065079 0.192063 0.063492 0.092063
5 0.190476 0.192063 0.060317 0.088889
5 0.314286 0.192857 0.057143 0.090476
5 0.440476 0.193651 0.055556 0.092063
5 0.565873 0.191270 0.058730 0.087302
5 0.690476 0.190476 0.053968 0.088889
5 0.815079 0.192063 0.058730 0.088889
5 0.941270 0.192857 0.057143 0.090476
5 0.063492 0.818254 0.057143 0.093651
5 0.188095 0.816667 0.055556 0.090476
5 0.313492 0.817460 0.058730 0.092063
5 0.438095 0.817460 0.053968 0.088889
5 0.565079 0.818254 0.057143 0.093651
5 0.690476 0.819048 0.053968 0.088889
5 0.814286 0.817460 0.057143 0.088889
5 0.939683 0.818254 0.057143 0.090476
0 0.065079 0.068254 0.063492 0.092063
0 0.939683 0.063492 0.063492 0.088889
0 0.064286 0.941270 0.058730 0.092063
0 0.940476 0.939683 0.065079 0.092063
1 0.188889 0.064286 0.066667 0.100000
1 0.815079 0.067460 0.065079 0.100000
1 0.815873 0.939683 0.063492 0.095238
1 0.188095 0.938889 0.065079 0.100000
2 0.315079 0.937302 0.065079 0.106349
2 0.688095 0.936508 0.061905 0.104762
2 0.314286 0.061111 0.060317 0.103175
2 0.690476 0.061111 0.060317 0.096825
3 0.438095 0.064286 0.088889 0.103175
3 0.438889 0.937302 0.080952 0.096825
4 0.565079 0.059524 0.082540 0.109524
4 0.563492 0.934127 0.079365 0.109524
