0 0.063889 0.066667 0.075000 0.088889
0 0.938194 0.068056 0.076389 0.091667
0 0.063889 0.941667 0.063889 0.088889
0 0.936111 0.941667 0.072222 0.088889
1 0.186111 0.063889 0.077778 0.100000
1 0.810417 0.062500 0.076389 0.097222
1 0.188889 0.938889 0.083333 0.097222
1 0.809722 0.938889 0.077778 0.094444
2 0.313889 0.061806 0.072222 0.098611
2 0.690278 0.064583 0.075000 0.098611
2 0.314583 0.937500 0.070833 0.094444
2 0.688889 0.938194 0.075000 0.101389
3 0.437500 0.063194 0.097222 0.101389
3 0.436806 0.937500 0.090278 0.100000
4 0.561806 0.060417 0.087500 0.098611
4 0.562500 0.936111 0.088889 0.097222
5 0.065278 0.196528 0.061111 0.084722
5 0.188889 0.195139 0.063889 0.084722
5 0.312500 0.196528 0.061111 0.087500
5 0.437500 0.195833 0.063889 0.080556
5 0.565278 0.194444 0.063889 0.083333
5 0.688889 0.195139 0.061111 0.084722
5 0.813194 0.195139 0.059722 0.084722
5 0.939583 0.196528 0.062500 0.084722
5 0.064583 0.820833 0.062500 0.083333
5 0.188889 0.820139 0.055556 0.081944
5 0.313194 0.820833 0.062500 0.083333
5 0.437500 0.819444 0.063889 0.080556
5 0.565972 0.820833 0.059722 0.083333
5 0.687500 0.819444 0.061111 0.086111
5 0.813889 0.820139 0.061111 0.081944
5 0.938889 0.820139 0.066667 0.079167
