1 0.262698 0.206215 0.068254 0.073446
1 0.267460 0.782486 0.061905 0.079096
1 0.726984 0.772599 0.057143 0.081921
1 0.723810 0.207627 0.053968 0.093220
5 0.338889 0.103107 0.046032 0.093220
5 0.350000 0.209040 0.042857 0.090395
5 0.342063 0.327684 0.039683 0.073446
5 0.338889 0.439266 0.046032 0.076271
5 0.341270 0.552260 0.044444 0.076271
5 0.341270 0.673729 0.041270 0.070621
5 0.339683 0.785311 0.044444 0.067797
5 0.340476 0.903955 0.042857 0.084746
5 0.653175 0.101695 0.046032 0.096045
5 0.651587 0.206215 0.046032 0.090395
5 0.655556 0.326271 0.044444 0.081921
5 0.656349 0.436441 0.046032 0.081921
5 0.655556 0.552260 0.044444 0.076271
5 0.655556 0.658192 0.038095 0.084746
5 0.660317 0.779661 0.047619 0.096045
5 0.661111 0.906780 0.042857 0.079096
