5 0.061835 0.195479 0.067819 0.087766
5 0.186835 0.196144 0.067819 0.083777
5 0.313165 0.196144 0.067819 0.086436
5 0.436170 0.195479 0.066489 0.082447
5 0.563830 0.195479 0.066489 0.082447
5 0.688165 0.195479 0.067819 0.087766
5 0.814495 0.196144 0.073138 0.086436
5 0.935505 0.196809 0.067819 0.085106
5 0.063165 0.821144 0.065160 0.086436
5 0.188165 0.821144 0.065160 0.083777
5 0.313165 0.819814 0.065160 0.081117
5 0.438165 0.821809 0.065160 0.085106
5 0.562500 0.820479 0.061170 0.085106
5 0.687500 0.822473 0.069149 0.086436
5 0.811835 0.821809 0.062500 0.085106
5 0.938830 0.819149 0.063830 0.079787
0 0.061170 0.067154 0.071809 0.091755
0 0.939495 0.067154 0.075798 0.094415
0 0.064495 0.942819 0.067819 0.093085
0 0.937500 0.939495 0.071809 0.091755
1 0.187500 0.061170 0.085106 0.098404
1 0.811835 0.063830 0.086436 0.098404
1 0.813165 0.937500 0.081117 0.098404
1 0.187500 0.938830 0.085106 0.095745
2 0.311835 0.061835 0.073138 0.102394
2 0.686170 0.060505 0.071809 0.102394
2 0.689495 0.937500 0.070479 0.101064
2 0.310505 0.936835 0.070479 0.102394
3 0.436835 0.062500 0.099734 0.098404
3 0.437500 0.938165 0.101064 0.097074
4 0.563830 0.061170 0.098404 0.106383
4 0.562500 0.936170 0.093085 0.103723
