0 0.112500 0.112500 0.075000 0.095000
0 0.887500 0.110000 0.075000 0.090000
0 0.892500 0.892500 0.075000 0.095000
0 0.107500 0.892500 0.065000 0.095000
1 0.220000 0.110000 0.090000 0.090000
1 0.777500 0.117500 0.095000 0.085000
1 0.780000 0.892500 0.090000 0.095000
1 0.220000 0.892500 0.100000 0.095000
2 0.335000 0.105000 0.050000 0.080000
2 0.670000 0.105000 0.050000 0.070000
2 0.335000 0.882500 0.060000 0.075000
2 0.667500 0.885000 0.055000 0.070000
3 0.445000 0.110000 0.110000 0.100000
3 0.442500 0.887500 0.105000 0.105000
4 0.560000 0.110000 0.100000 0.100000
4 0.557500 0.890000 0.085000 0.100000
5 0.110000 0.225000 0.060000 0.090000
5 0.225000 0.225000 0.060000 0.090000
5 0.335000 0.222500 0.060000 0.095000
5 0.445000 0.222500 0.060000 0.095000
5 0.555000 0.225000 0.060000 0.090000
5 0.667500 0.225000 0.065000 0.090000
5 0.780000 0.225000 0.070000 0.090000
5 0.887500 0.225000 0.065000 0.090000
5 0.112500 0.780000 0.065000 0.090000
5 0.222500 0.782500 0.065000 0.085000
5 0.332500 0.777500 0.065000 0.085000
5 0.445000 0.780000 0.060000 0.090000
5 0.555000 0.780000 0.070000 0.090000
5 0.667500 0.782500 0.065000 0.085000
5 0.775000 0.785000 0.070000 0.090000
5 0.887500 0.780000 0.065000 0.090000
