5 0.063333 0.195000 0.073333 0.096667
5 0.063333 0.818333 0.060000 0.096667
5 0.313333 0.691667 0.066667 0.096667
5 0.313333 0.820000 0.060000 0.100000
5 0.311667 0.443333 0.070000 0.100000
5 0.440000 0.443333 0.066667 0.100000
5 0.438333 0.568333 0.070000 0.096667
5 0.563333 0.441667 0.073333 0.096667
5 0.563333 0.318333 0.073333 0.096667
5 0.688333 0.195000 0.070000 0.103333
5 0.813333 0.193333 0.073333 0.100000
5 0.938333 0.195000 0.070000 0.096667
5 0.688333 0.820000 0.063333 0.093333
5 0.811667 0.820000 0.070000 0.093333
5 0.933333 0.820000 0.066667 0.093333
