0 0.127344 0.655078 0.079687 0.086719
0 0.869531 0.655078 0.079687 0.086719
0 0.283594 0.289453 0.039062 0.053906
0 0.716016 0.291016 0.033594 0.057031
1 0.232031 0.647656 0.075000 0.092188
1 0.761719 0.656250 0.075000 0.101562
1 0.342187 0.287500 0.034375 0.060937
1 0.653125 0.286719 0.031250 0.059375
2 0.408203 0.283203 0.030469 0.069531
2 0.591406 0.286719 0.018750 0.076563
2 0.655469 0.651172 0.062500 0.102344
2 0.344141 0.648438 0.053906 0.100000
3 0.433594 0.636719 0.059375 0.131250
3 0.468750 0.275781 0.032813 0.089063
3 0.885156 0.437891 0.056250 0.100781
3 0.869141 0.400391 0.067969 0.103906
4 0.544531 0.641797 0.064062 0.147656
4 0.531641 0.267188 0.032031 0.101562
5 0.269531 0.326562 0.034375 0.054688
5 0.336328 0.327734 0.028906 0.052344
5 0.401172 0.329297 0.032031 0.058594
5 0.466406 0.328516 0.031250 0.057031
5 0.529297 0.332422 0.033594 0.052344
5 0.598828 0.326953 0.024219 0.053906
5 0.657422 0.326953 0.028906 0.053906
5 0.731641 0.326172 0.027344 0.052344
5 0.164453 0.577344 0.049219 0.062500
5 0.258203 0.580859 0.046094 0.072656
5 0.359375 0.575391 0.043750 0.066406
5 0.453125 0.576953 0.037500 0.069531
5 0.635938 0.579297 0.043750 0.066406
5 0.731250 0.584766 0.046875 0.074219
5 0.826172 0.584766 0.047656 0.071094
