5 0.323693 0.466372 0.088988 0.246018
5 0.066741 0.339823 0.051168 0.145133
5 0.150167 0.330088 0.035595 0.146903
5 0.241379 0.315044 0.040044 0.130973
5 0.325362 0.298230 0.030033 0.115044
5 0.379867 0.278761 0.027809 0.072566
5 0.437152 0.274336 0.020022 0.081416
5 0.669633 0.329204 0.028921 0.116814
5 0.482202 0.279646 0.021135 0.088496
0 0.025028 0.316814 0.047831 0.173451
0 0.433259 0.478761 0.116796 0.323894
0 0.924917 0.315044 0.032258 0.169912
1 0.536707 0.412389 0.092325 0.353982
1 0.882091 0.311504 0.057842 0.230088
1 0.115684 0.281416 0.040044 0.187611
2 0.203003 0.274336 0.043382 0.198230
2 0.627920 0.369912 0.054505 0.332743
2 0.828699 0.310619 0.042269 0.253097
4 0.720245 0.306195 0.058954 0.421239
3 0.779199 0.313274 0.056730 0.300885
