0 0.126892 0.122000 0.052977 0.084000
0 0.874874 0.122750 0.050454 0.085500
0 0.874369 0.866250 0.051463 0.081500
0 0.126892 0.867750 0.052977 0.078500
1 0.235873 0.123500 0.054995 0.079000
1 0.772704 0.126250 0.052977 0.081500
1 0.772704 0.865500 0.052977 0.080000
1 0.234359 0.870750 0.054995 0.078500
2 0.341070 0.123500 0.046418 0.079000
2 0.662462 0.122750 0.043391 0.077500
2 0.662462 0.865750 0.043391 0.074500
2 0.339556 0.863500 0.046418 0.070000
3 0.450555 0.130000 0.077699 0.066000
3 0.448285 0.875750 0.076186 0.068500
4 0.554995 0.121500 0.056509 0.080000
4 0.553734 0.866250 0.059031 0.078500
5 0.126892 0.230750 0.047931 0.078500
5 0.234359 0.226250 0.042886 0.078500
5 0.341070 0.228500 0.043391 0.080000
5 0.447780 0.230750 0.045913 0.078500
5 0.554238 0.230000 0.045913 0.074000
5 0.660192 0.228500 0.044904 0.074000
5 0.769173 0.229250 0.045913 0.078500
5 0.875126 0.230000 0.041877 0.080000
5 0.128406 0.759250 0.041877 0.078500
5 0.233602 0.760500 0.047427 0.073000
5 0.341826 0.760750 0.044904 0.075500
5 0.449041 0.762750 0.046418 0.077500
5 0.553481 0.760750 0.047427 0.081500
5 0.662462 0.760000 0.051463 0.077000
5 0.773461 0.760750 0.046418 0.075500
5 0.874369 0.760750 0.046418 0.075500
