0 0.854722 0.437917 0.047222 0.145833
0 0.285833 0.563333 0.050556 0.171667
0 0.616111 0.121667 0.028889 0.076667
1 0.263333 0.487083 0.054444 0.172500
1 0.812500 0.381667 0.043889 0.163333
1 0.642500 0.164167 0.039444 0.123333
3 0.137778 0.338750 0.057778 0.194167
3 0.781944 0.217083 0.033889 0.152500
3 0.701389 0.235417 0.037222 0.175833
3 0.224722 0.364583 0.039444 0.187500
4 0.201389 0.299583 0.028333 0.227500
4 0.737500 0.256667 0.039444 0.211667
2 0.768889 0.327083 0.031111 0.157500
2 0.669444 0.191667 0.031111 0.126667
2 0.245833 0.377083 0.038333 0.065833
5 0.773056 0.474167 0.041667 0.121667
5 0.370833 0.561667 0.045000 0.116667
5 0.348889 0.496667 0.037778 0.111667
5 0.739722 0.423750 0.037222 0.117500
5 0.700278 0.370417 0.041667 0.109167
5 0.665278 0.324583 0.039444 0.097500
5 0.631389 0.281250 0.031667 0.097500
5 0.605278 0.240417 0.032778 0.099167
5 0.583889 0.210833 0.033333 0.098333
5 0.553333 0.163333 0.034444 0.090000
5 0.325278 0.439583 0.035000 0.107500
5 0.302500 0.391250 0.036111 0.102500
5 0.282222 0.343750 0.025556 0.094167
5 0.263889 0.294167 0.021111 0.095000
