5 0.060268 0.190157 0.066964 0.089485
5 0.187500 0.191275 0.062500 0.087248
5 0.313616 0.190157 0.069196 0.089485
5 0.436384 0.190157 0.069196 0.089485
5 0.562500 0.190157 0.071429 0.085011
5 0.689732 0.192394 0.066964 0.085011
5 0.813616 0.191275 0.078125 0.091723
5 0.938616 0.191275 0.069196 0.091723
5 0.063616 0.815436 0.069196 0.087248
5 0.187500 0.816555 0.062500 0.085011
5 0.310268 0.818792 0.066964 0.089485
5 0.435268 0.816555 0.066964 0.085011
5 0.561384 0.815436 0.069196 0.087248
5 0.686384 0.816555 0.069196 0.089485
5 0.811384 0.817673 0.064732 0.087248
5 0.936384 0.816555 0.069196 0.089485
4 0.560268 0.060403 0.098214 0.098434
4 0.564732 0.938479 0.098214 0.096197
