0 0.033594 0.063194 0.046875 0.095833
0 0.526953 0.065278 0.042969 0.097222
0 0.528125 0.940278 0.040625 0.088889
0 0.034375 0.940972 0.042188 0.095833
1 0.106250 0.063194 0.057813 0.101389
1 0.458984 0.062500 0.057031 0.102778
1 0.458203 0.938889 0.052344 0.097222
1 0.107031 0.941667 0.053125 0.097222
2 0.175000 0.050694 0.034375 0.076389
2 0.384375 0.054167 0.031250 0.077778
2 0.173828 0.929861 0.030469 0.084722
2 0.175391 0.553472 0.028906 0.081944
3 0.245703 0.061111 0.061719 0.100000
3 0.244922 0.938889 0.058594 0.102778
4 0.317969 0.061111 0.059375 0.105556
4 0.316797 0.937500 0.053906 0.094444
5 0.035156 0.193056 0.037500 0.091667
5 0.105469 0.190278 0.042188 0.097222
5 0.176172 0.189583 0.036719 0.090278
5 0.247266 0.191667 0.036719 0.094444
5 0.386328 0.189583 0.039844 0.090278
5 0.456641 0.190278 0.036719 0.088889
5 0.526953 0.193750 0.042969 0.095833
5 0.317188 0.439583 0.037500 0.093056
5 0.317969 0.568750 0.037500 0.093056
5 0.034766 0.817361 0.033594 0.090278
5 0.105078 0.819444 0.035156 0.094444
5 0.174609 0.815278 0.033594 0.094444
5 0.246484 0.815972 0.042969 0.093056
5 0.386719 0.815972 0.034375 0.087500
5 0.454688 0.815278 0.031250 0.091667
5 0.528125 0.815278 0.039062 0.091667
