5 0.067291 0.194017 0.073254 0.090598
5 0.191652 0.317949 0.073254 0.088889
5 0.564736 0.320513 0.063032 0.087179
5 0.689097 0.193162 0.063032 0.092308
5 0.814310 0.194017 0.068143 0.087179
5 0.936968 0.194017 0.068143 0.090598
5 0.439523 0.567521 0.061329 0.092308
5 0.068143 0.818803 0.064736 0.088889
5 0.189097 0.817094 0.064736 0.085470
5 0.689949 0.818803 0.068143 0.088889
5 0.811755 0.819658 0.066440 0.090598
5 0.938671 0.818803 0.071550 0.092308
0 0.065588 0.067521 0.076661 0.090598
0 0.688245 0.065812 0.068143 0.094017
0 0.440375 0.942735 0.069847 0.097436
0 0.066440 0.941880 0.068143 0.092308
2 0.189949 0.177778 0.059625 0.082051
2 0.563884 0.179487 0.051107 0.078632
2 0.564736 0.678632 0.049404 0.082051
2 0.316014 0.555556 0.052811 0.078632
1 0.689097 0.313675 0.097104 0.097436
1 0.191652 0.562393 0.097104 0.102564
1 0.316865 0.688889 0.095400 0.099145
1 0.689097 0.688034 0.097104 0.097436
3 0.438671 0.062393 0.103918 0.100855
3 0.564736 0.812821 0.103918 0.097436
4 0.814310 0.939316 0.095400 0.097436
4 0.813458 0.063248 0.097104 0.095726
