0 0.081500 0.418400 0.061000 0.086400
0 0.446000 0.724800 0.050000 0.086400
0 0.940000 0.499200 0.052000 0.081600
0 0.562500 0.222000 0.043000 0.080800
1 0.139000 0.454800 0.054000 0.080800
1 0.398500 0.675600 0.055000 0.082400
1 0.887500 0.450000 0.057000 0.085600
1 0.617500 0.247600 0.053000 0.090400
2 0.186000 0.493200 0.052000 0.098400
2 0.346000 0.634800 0.046000 0.090400
2 0.833500 0.407200 0.043000 0.091200
2 0.670500 0.284000 0.041000 0.088000
3 0.292500 0.583600 0.057000 0.112800
3 0.783000 0.364800 0.048000 0.100800
4 0.726500 0.317600 0.065000 0.115200
4 0.241500 0.524800 0.059000 0.115200
5 0.504000 0.246400 0.044000 0.067200
5 0.554000 0.290400 0.038000 0.067200
5 0.608500 0.324400 0.043000 0.060000
5 0.667000 0.367200 0.048000 0.065600
5 0.711000 0.406400 0.048000 0.070400
5 0.774000 0.448400 0.048000 0.068000
5 0.825500 0.489600 0.045000 0.068800
5 0.873000 0.537600 0.054000 0.067200
5 0.531000 0.701200 0.044000 0.071200
5 0.478500 0.649200 0.039000 0.061600
5 0.424500 0.602800 0.047000 0.063200
5 0.368500 0.560000 0.051000 0.068800
5 0.315500 0.509200 0.043000 0.058400
5 0.262000 0.467600 0.036000 0.058400
5 0.210500 0.429200 0.047000 0.061600
5 0.164000 0.389600 0.040000 0.068800
