5 0.090336 0.209034 0.071429 0.090336
5 0.205882 0.207983 0.067227 0.092437
5 0.324580 0.207983 0.069328 0.092437
5 0.443277 0.210084 0.067227 0.088235
5 0.561975 0.207983 0.069328 0.092437
5 0.676471 0.210084 0.071429 0.088235
5 0.794118 0.209034 0.075630 0.086134
5 0.911765 0.210084 0.067227 0.088235
5 0.086134 0.796218 0.067227 0.084034
5 0.209034 0.799370 0.069328 0.086134
5 0.323529 0.797269 0.071429 0.094538
5 0.443277 0.795168 0.067227 0.086134
5 0.556723 0.797269 0.071429 0.090336
5 0.679622 0.797269 0.065126 0.086134
5 0.795168 0.797269 0.060924 0.086134
5 0.911765 0.797269 0.063025 0.086134
0 0.089286 0.088235 0.081933 0.092437
0 0.913866 0.088235 0.079832 0.092437
0 0.089286 0.911765 0.073529 0.088235
0 0.914916 0.912815 0.077731 0.090336
1 0.206933 0.089286 0.098739 0.098739
1 0.797269 0.090336 0.098739 0.100840
1 0.794118 0.912815 0.088235 0.098739
1 0.205882 0.912815 0.096639 0.098739
2 0.322479 0.078782 0.060924 0.073529
2 0.677521 0.078782 0.060924 0.077731
2 0.324580 0.906513 0.052521 0.077731
2 0.678571 0.905462 0.054622 0.075630
3 0.440126 0.090336 0.107143 0.100840
3 0.443277 0.911765 0.105042 0.100840
4 0.559874 0.088235 0.098739 0.096639
4 0.560924 0.914916 0.096639 0.098739
