0 0.060556 0.065000 0.081111 0.092222
0 0.937222 0.066111 0.078889 0.092222
0 0.062222 0.941111 0.075556 0.097778
0 0.937778 0.942778 0.075556 0.094444
2 0.312222 0.427778 0.062222 0.082222
2 0.688333 0.179444 0.058889 0.083333
2 0.313333 0.926667 0.057778 0.077778
2 0.312778 0.052222 0.058889 0.084444
3 0.437222 0.062222 0.107778 0.104444
3 0.435556 0.941111 0.111111 0.104444
4 0.563889 0.940556 0.094444 0.101111
4 0.563333 0.063333 0.097778 0.106667
1 0.814444 0.064444 0.102222 0.100000
1 0.313333 0.311667 0.100000 0.101111
1 0.688889 0.688889 0.095556 0.097778
1 0.189444 0.938889 0.103333 0.102222
