0 0.325820 0.758564 0.055328 0.079935
0 0.840676 0.620718 0.046107 0.066884
0 0.160861 0.490620 0.047131 0.061175
0 0.586578 0.401713 0.037910 0.064437
1 0.221824 0.475530 0.035861 0.063622
1 0.526127 0.412724 0.035861 0.068515
1 0.765881 0.637439 0.048156 0.066069
1 0.415984 0.734910 0.057377 0.070147
2 0.285861 0.460848 0.030738 0.070147
2 0.466189 0.424551 0.030738 0.064437
2 0.486680 0.707586 0.043033 0.077488
2 0.704918 0.650897 0.040984 0.070147
3 0.407275 0.433116 0.035861 0.078303
3 0.633709 0.663948 0.039959 0.081566
4 0.346824 0.444127 0.037910 0.085644
4 0.562500 0.681485 0.045082 0.093801
5 0.170082 0.530587 0.043033 0.057912
5 0.246414 0.513866 0.033811 0.060359
5 0.310963 0.500408 0.033811 0.053018
5 0.375000 0.484095 0.032787 0.054649
5 0.439037 0.469821 0.033811 0.048940
5 0.495389 0.456362 0.035861 0.049755
5 0.554816 0.446982 0.031762 0.053834
5 0.619877 0.431077 0.028689 0.054649
5 0.795082 0.588499 0.030738 0.057912
5 0.734631 0.606852 0.028689 0.057096
5 0.664447 0.620310 0.031762 0.062806
5 0.599898 0.639070 0.031762 0.064437
5 0.523053 0.653344 0.037910 0.058728
5 0.451844 0.674551 0.043033 0.060359
5 0.377561 0.693312 0.037910 0.057096
5 0.298668 0.719005 0.044057 0.066069
