5 0.151432 0.246575 0.036835 0.126027
5 0.243520 0.242466 0.031378 0.134247
5 0.334584 0.244521 0.033424 0.130137
5 0.426330 0.246575 0.030014 0.131507
5 0.515348 0.246575 0.029332 0.126027
5 0.609823 0.244521 0.031378 0.121918
5 0.700887 0.245890 0.025239 0.132877
5 0.793315 0.246575 0.028649 0.131507
0 0.160982 0.141781 0.034106 0.143836
0 0.089018 0.817123 0.048431 0.223288
0 0.912005 0.817808 0.049113 0.210959
0 0.776944 0.143151 0.036835 0.154795
1 0.210778 0.823973 0.051842 0.198630
1 0.788540 0.826027 0.050477 0.189041
1 0.688950 0.147945 0.031378 0.150685
1 0.244884 0.128082 0.028649 0.102740
2 0.326057 0.810959 0.046385 0.227397
2 0.677012 0.800685 0.040246 0.226027
2 0.596180 0.135616 0.030014 0.169863
2 0.336971 0.139041 0.034106 0.168493
3 0.444065 0.790411 0.050477 0.265753
3 0.426330 0.122603 0.032742 0.220548
4 0.561392 0.782192 0.047749 0.284932
4 0.512278 0.121918 0.031378 0.232877
