0 0.272769 0.496154 0.049538 0.089538
0 0.901231 0.306462 0.035077 0.061538
0 0.477846 0.243385 0.035077 0.064615
0 0.787077 0.624308 0.041231 0.108308
1 0.835385 0.305077 0.041231 0.079077
1 0.536615 0.261077 0.038154 0.070462
1 0.336462 0.510154 0.051385 0.096615
1 0.702769 0.596462 0.057231 0.102462
2 0.628000 0.581231 0.042462 0.104000
2 0.405231 0.526308 0.042462 0.090769
2 0.776154 0.293231 0.036615 0.084923
2 0.595077 0.264615 0.029538 0.083692
3 0.652154 0.265385 0.029231 0.085231
3 0.586308 0.372308 0.040923 0.096615
3 0.480154 0.539385 0.033538 0.111385
4 0.711692 0.266923 0.030769 0.105538
4 0.552615 0.546769 0.043692 0.131692
3 0.627385 0.419231 0.041231 0.105538
5 0.880769 0.356308 0.032308 0.064615
5 0.812769 0.343846 0.024923 0.063077
5 0.753385 0.332769 0.032308 0.058769
5 0.694769 0.326154 0.035077 0.068923
5 0.630154 0.317385 0.038154 0.056923
5 0.464769 0.286615 0.029231 0.054462
5 0.516615 0.290923 0.030769 0.060000
5 0.568769 0.302000 0.032308 0.055692
5 0.307846 0.455846 0.029231 0.058769
5 0.376000 0.471231 0.027692 0.066154
5 0.440615 0.491077 0.030769 0.061538
5 0.512308 0.505077 0.033846 0.074769
5 0.589231 0.521846 0.026462 0.084923
5 0.655846 0.539385 0.033538 0.081846
5 0.735846 0.548154 0.032308 0.070462
5 0.815538 0.566615 0.036615 0.074769
