5 0.121875 0.280021 0.062500 0.209352
5 0.229375 0.281084 0.060000 0.207226
5 0.338438 0.280553 0.060625 0.210414
5 0.446562 0.277896 0.059375 0.205101
5 0.554375 0.281084 0.057500 0.207226
5 0.664687 0.281615 0.058125 0.212540
5 0.770938 0.281615 0.054375 0.208289
5 0.879375 0.281615 0.062500 0.208289
0 0.119063 0.685972 0.071875 0.258236
0 0.883125 0.689692 0.072500 0.265675
1 0.229687 0.666312 0.081875 0.308183
1 0.773125 0.670032 0.082500 0.315622
2 0.343750 0.651966 0.071250 0.336876
2 0.664375 0.649309 0.067500 0.346440
4 0.447188 0.625930 0.073125 0.388948
3 0.556875 0.645590 0.071250 0.349628
