0 0.140417 0.655833 0.057500 0.091667
0 0.750000 0.658750 0.048333 0.097500
0 0.228750 0.287917 0.047500 0.077500
0 0.690417 0.286667 0.035833 0.075000
1 0.234583 0.653750 0.055833 0.087500
1 0.661667 0.654583 0.050000 0.092500
1 0.621667 0.280417 0.031667 0.075833
1 0.296667 0.281667 0.041667 0.081667
2 0.357500 0.279583 0.031667 0.085833
2 0.558333 0.280000 0.033333 0.085000
2 0.575833 0.652500 0.040000 0.105000
2 0.316667 0.653333 0.050000 0.103333
3 0.400417 0.641667 0.057500 0.123333
3 0.424583 0.271667 0.044167 0.105000
4 0.491667 0.272917 0.041667 0.115833
4 0.489583 0.642083 0.057500 0.127500
5 0.216667 0.339167 0.040000 0.065000
5 0.286667 0.340417 0.033333 0.064167
5 0.355417 0.338333 0.035833 0.060000
5 0.422500 0.341667 0.040000 0.061667
5 0.489167 0.342083 0.038333 0.064167
5 0.556667 0.339583 0.041667 0.065833
5 0.625833 0.337500 0.033333 0.061667
5 0.695417 0.339167 0.037500 0.065000
5 0.164583 0.598333 0.055833 0.075000
5 0.242917 0.597083 0.049167 0.069167
5 0.329583 0.597083 0.047500 0.069167
