0 0.187083 0.724375 0.072500 0.121250
0 0.809583 0.731250 0.067500 0.120000
0 0.285417 0.141875 0.042500 0.101250
0 0.719167 0.145000 0.038333 0.097500
1 0.348750 0.132500 0.047500 0.117500
1 0.656667 0.125000 0.041667 0.092500
1 0.731250 0.714375 0.077500 0.141250
1 0.277500 0.711250 0.071667 0.130000
2 0.371667 0.722500 0.055000 0.125000
2 0.637083 0.725625 0.059167 0.131250
2 0.412500 0.135000 0.031667 0.112500
2 0.591667 0.139375 0.038333 0.111250
3 0.456667 0.715000 0.065000 0.165000
3 0.473333 0.135000 0.046667 0.125000
4 0.528750 0.118125 0.047500 0.146250
4 0.547917 0.705625 0.065833 0.168750
5 0.273333 0.210625 0.041667 0.081250
5 0.343750 0.215625 0.030833 0.091250
5 0.410833 0.210625 0.033333 0.076250
5 0.467917 0.212500 0.029167 0.075000
5 0.533750 0.219375 0.030833 0.083750
5 0.598333 0.220000 0.031667 0.080000
5 0.662917 0.215625 0.035833 0.076250
5 0.729167 0.213750 0.035000 0.082500
5 0.209167 0.620000 0.056667 0.105000
5 0.297083 0.622500 0.049167 0.087500
5 0.383333 0.618125 0.045000 0.103750
5 0.472083 0.613750 0.042500 0.082500
5 0.630417 0.613750 0.050833 0.095000
5 0.699167 0.615625 0.043333 0.098750
5 0.793333 0.623125 0.055000 0.096250
