5 0.063387 0.452546 0.065923 0.192130
5 0.188641 0.453704 0.062880 0.194444
5 0.317444 0.456019 0.066937 0.194444
5 0.441176 0.453704 0.062880 0.194444
5 0.565923 0.456019 0.064909 0.194444
5 0.692698 0.457176 0.062880 0.196759
5 0.820487 0.458333 0.064909 0.194444
5 0.944219 0.454861 0.064909 0.192130
0 0.064402 0.155093 0.069980 0.212963
0 0.944219 0.158565 0.073022 0.215278
1 0.189655 0.150463 0.085193 0.226852
1 0.817444 0.151620 0.081136 0.219907
2 0.312880 0.145833 0.072008 0.231481
2 0.691684 0.145833 0.075051 0.226852
3 0.438641 0.146991 0.100406 0.229167
4 0.568458 0.144676 0.096349 0.229167
