0 0.159688 0.408889 0.066875 0.268889
0 0.859688 0.411111 0.066875 0.268889
1 0.261875 0.406667 0.077500 0.264444
1 0.762813 0.407778 0.079375 0.266667
2 0.359687 0.384444 0.073125 0.317778
2 0.670000 0.381111 0.068750 0.320000
4 0.460313 0.301667 0.096875 0.478889
3 0.574063 0.346111 0.090625 0.378889
5 0.158750 0.721111 0.055000 0.191111
5 0.258750 0.721111 0.056250 0.191111
5 0.359687 0.720000 0.058125 0.193333
5 0.463750 0.718889 0.055000 0.193333
5 0.573125 0.718333 0.053750 0.190000
5 0.670625 0.720556 0.055000 0.190000
5 0.770938 0.723333 0.056875 0.191111
5 0.867812 0.725000 0.053125 0.198889
