5 0.061704 0.193359 0.068560 0.083984
5 0.185602 0.194824 0.057786 0.086914
5 0.314398 0.193359 0.064643 0.085938
5 0.437316 0.193848 0.067581 0.084961
5 0.566112 0.192871 0.066601 0.084961
5 0.692458 0.193359 0.066601 0.080078
5 0.815867 0.194336 0.064643 0.087891
5 0.942703 0.193359 0.067581 0.085938
5 0.060235 0.821289 0.063663 0.087891
5 0.188541 0.820312 0.063663 0.082031
5 0.312439 0.819824 0.062684 0.084961
5 0.438296 0.821289 0.067581 0.082031
5 0.566112 0.820801 0.060725 0.083008
5 0.689520 0.822266 0.064643 0.083984
5 0.818805 0.820312 0.064643 0.087891
5 0.944172 0.820801 0.064643 0.083008
0 0.062194 0.064453 0.073457 0.091797
0 0.945152 0.064453 0.070519 0.091797
0 0.060235 0.942383 0.071499 0.095703
0 0.943683 0.943359 0.073457 0.091797
1 0.185113 0.060547 0.084231 0.099609
1 0.817336 0.059082 0.081293 0.102539
1 0.815867 0.938965 0.078355 0.094727
1 0.185602 0.940430 0.083252 0.097656
2 0.311459 0.059570 0.070519 0.103516
2 0.693928 0.060547 0.069540 0.101562
2 0.312439 0.937012 0.072478 0.100586
2 0.692948 0.939453 0.077375 0.101562
3 0.437316 0.059082 0.096964 0.098633
3 0.437806 0.940430 0.092067 0.097656
4 0.566601 0.059082 0.096964 0.102539
4 0.564153 0.937500 0.097943 0.103516
