0 0.136719 0.318182 0.040625 0.161932
0 0.523438 0.651278 0.059375 0.205966
0 0.862891 0.284801 0.039844 0.169034
0 0.490234 0.080966 0.033594 0.142045
1 0.459375 0.593040 0.054688 0.194602
1 0.183984 0.351562 0.052344 0.163352
1 0.532422 0.095881 0.038281 0.137784
1 0.796094 0.240767 0.040625 0.154830
2 0.393750 0.527699 0.054688 0.200284
2 0.232031 0.387074 0.034375 0.197443
2 0.734766 0.212358 0.033594 0.169034
2 0.579297 0.117188 0.028906 0.160511
3 0.340625 0.471591 0.054688 0.215909
3 0.278125 0.154119 0.037500 0.169034
3 0.315625 0.131392 0.043750 0.169034
3 0.682031 0.171875 0.034375 0.173295
4 0.625781 0.120739 0.034375 0.230114
4 0.276172 0.397727 0.036719 0.278409
5 0.584375 0.601562 0.053125 0.169034
5 0.451172 0.118608 0.033594 0.129261
5 0.493750 0.147017 0.034375 0.115057
5 0.541797 0.174006 0.039844 0.123580
5 0.591797 0.200994 0.039844 0.126420
5 0.642578 0.230824 0.038281 0.132102
5 0.701172 0.263494 0.039844 0.134943
5 0.758203 0.299716 0.038281 0.136364
5 0.822266 0.338068 0.046094 0.139205
