0 0.062072 0.065068 0.072774 0.094178
1 0.184932 0.062500 0.085616 0.099315
2 0.311216 0.062500 0.072774 0.102740
3 0.437500 0.062500 0.102740 0.099315
0 0.687928 0.067637 0.072774 0.095890
4 0.813356 0.061216 0.095890 0.105308
5 0.061216 0.194777 0.062500 0.081336
5 0.188356 0.196062 0.068493 0.083904
5 0.439212 0.319349 0.065068 0.089041
5 0.688356 0.195205 0.065068 0.080479
5 0.813356 0.195205 0.066781 0.085616
5 0.937072 0.196062 0.064212 0.083904
5 0.313356 0.445634 0.068493 0.086473
5 0.436216 0.444349 0.062500 0.082192
5 0.562072 0.446062 0.064212 0.085616
5 0.311216 0.569777 0.064212 0.088185
5 0.562928 0.570634 0.065925 0.086473
5 0.062072 0.822774 0.064212 0.085616
5 0.185788 0.821490 0.061644 0.081336
5 0.688356 0.818921 0.065068 0.084760
5 0.812500 0.821062 0.065068 0.085616
5 0.936644 0.821918 0.068493 0.083904
2 0.562500 0.186644 0.077055 0.102740
1 0.685360 0.312928 0.088185 0.098459
1 0.312928 0.688356 0.086473 0.097603
1 0.686216 0.688356 0.084760 0.099315
0 0.062928 0.940925 0.072774 0.094178
0 0.938784 0.940925 0.072774 0.094178
2 0.311216 0.936644 0.072774 0.099315
2 0.687072 0.938784 0.071062 0.101884
3 0.438356 0.938784 0.101027 0.098459
4 0.562072 0.937928 0.098459 0.105308
