0 0.075991 0.458466 0.099119 0.127796
0 0.927313 0.456070 0.088106 0.126198
0 0.929515 0.923323 0.088106 0.130990
0 0.073789 0.921725 0.085903 0.118211
2 0.188326 0.449681 0.094714 0.145367
2 0.808370 0.448083 0.088106 0.142173
2 0.807269 0.913738 0.068282 0.140575
2 0.190529 0.915335 0.099119 0.143770
1 0.305066 0.450479 0.143172 0.140575
1 0.679515 0.450479 0.129956 0.134185
1 0.686123 0.916933 0.143172 0.140575
1 0.308370 0.916134 0.140969 0.135783
4 0.438326 0.433706 0.083700 0.180511
4 0.433921 0.898562 0.092511 0.177316
3 0.558370 0.440895 0.094714 0.156550
3 0.557269 0.909744 0.101322 0.158147
5 0.073789 0.587859 0.081498 0.111821
5 0.201542 0.583866 0.077093 0.113419
5 0.320485 0.587061 0.085903 0.110224
5 0.444934 0.588658 0.083700 0.110224
5 0.568282 0.587859 0.092511 0.108626
5 0.689427 0.587061 0.088106 0.110224
5 0.816079 0.588658 0.077093 0.110224
5 0.937225 0.587061 0.090308 0.110224
5 0.073789 0.746805 0.085903 0.113419
5 0.197137 0.746805 0.085903 0.113419
5 0.319383 0.748403 0.088106 0.107029
5 0.442731 0.748403 0.092511 0.110224
5 0.567181 0.748403 0.085903 0.110224
5 0.691630 0.748403 0.088106 0.110224
5 0.817181 0.747604 0.096916 0.111821
5 0.939427 0.747604 0.090308 0.111821
