5 0.661328 0.680556 0.033594 0.113889
5 0.846875 0.548611 0.023438 0.086111
5 0.795312 0.526389 0.025000 0.094444
5 0.750781 0.509028 0.023438 0.087500
5 0.704297 0.495139 0.022656 0.081944
5 0.658594 0.475000 0.020313 0.072222
5 0.596094 0.453472 0.014063 0.073611
0 0.608984 0.709028 0.041406 0.151389
0 0.871484 0.512500 0.025781 0.108333
1 0.550781 0.664583 0.051562 0.176389
1 0.822656 0.480556 0.029687 0.144444
1 0.624609 0.419444 0.027344 0.108333
2 0.778125 0.462500 0.025000 0.127778
2 0.655469 0.429861 0.012500 0.118056
2 0.503516 0.623611 0.033594 0.183333
2 0.390625 0.550694 0.026562 0.154167
1 0.351562 0.543750 0.042188 0.148611
3 0.459375 0.584722 0.034375 0.200000
3 0.735547 0.441667 0.028906 0.147222
4 0.691797 0.416667 0.025781 0.150000
4 0.419531 0.547222 0.039062 0.208333
