0 0.149259 0.570000 0.049630 0.133333
0 0.547037 0.760556 0.048148 0.147778
0 0.846296 0.480556 0.036296 0.125556
0 0.473333 0.346667 0.035556 0.106667
1 0.200370 0.585000 0.057037 0.141111
1 0.487037 0.718889 0.061481 0.157778
1 0.777778 0.454444 0.047407 0.135556
1 0.517407 0.352222 0.040741 0.120000
2 0.260000 0.602222 0.042963 0.157778
2 0.422222 0.690000 0.037037 0.175556
2 0.728519 0.423889 0.028889 0.145556
2 0.573704 0.364444 0.031852 0.135556
3 0.309630 0.614444 0.051852 0.197778
3 0.618889 0.373889 0.037778 0.167778
3 0.225556 0.410556 0.045185 0.158889
3 0.825185 0.672778 0.041481 0.205556
4 0.369259 0.629444 0.057037 0.223333
4 0.672963 0.382778 0.039259 0.194444
5 0.432963 0.384444 0.031852 0.095556
5 0.477037 0.402778 0.028148 0.096667
5 0.528889 0.420556 0.031111 0.096667
5 0.581111 0.437222 0.027407 0.096667
5 0.639259 0.459444 0.031111 0.096667
5 0.694815 0.477778 0.028148 0.091111
5 0.747407 0.500000 0.029630 0.100000
5 0.806296 0.519444 0.030370 0.101111
5 0.592963 0.726667 0.036296 0.115556
