5 0.062500 0.195876 0.065068 0.084192
5 0.186216 0.196735 0.064212 0.087629
5 0.312928 0.196735 0.069349 0.082474
5 0.437928 0.197595 0.069349 0.092784
5 0.565068 0.197595 0.066781 0.084192
5 0.688784 0.195017 0.064212 0.091065
5 0.813356 0.194588 0.070205 0.083333
5 0.938784 0.197165 0.060788 0.086770
5 0.937928 0.824313 0.065925 0.086770
5 0.811644 0.825601 0.061644 0.084192
5 0.689212 0.825601 0.061644 0.087629
5 0.562072 0.824742 0.060788 0.085911
5 0.437500 0.825172 0.068493 0.083333
5 0.312928 0.821306 0.067637 0.084192
5 0.190068 0.824313 0.058219 0.078179
5 0.060360 0.827320 0.064212 0.087629
0 0.062500 0.066581 0.080479 0.091924
0 0.938784 0.066581 0.072774 0.097079
0 0.938356 0.945017 0.068493 0.094502
0 0.061644 0.943299 0.066781 0.092784
1 0.187500 0.064003 0.087329 0.097079
1 0.812500 0.063144 0.077055 0.102234
1 0.815497 0.942440 0.083048 0.094502
1 0.185788 0.941581 0.083904 0.092784
2 0.312500 0.061856 0.068493 0.104811
2 0.689212 0.062715 0.066781 0.103093
2 0.689640 0.940292 0.062500 0.095361
2 0.313784 0.938144 0.062500 0.103093
3 0.437500 0.061856 0.095890 0.101375
3 0.437500 0.942869 0.095890 0.107388
3 0.563356 0.061426 0.101027 0.107388
3 0.562500 0.942440 0.094178 0.108247
