5 0.113750 0.230000 0.057500 0.080000
5 0.222500 0.230000 0.050000 0.075000
5 0.333750 0.341250 0.057500 0.077500
5 0.663750 0.228750 0.057500 0.077500
5 0.773750 0.230000 0.062500 0.080000
5 0.885000 0.230000 0.055000 0.075000
5 0.443750 0.450000 0.052500 0.080000
5 0.442500 0.560000 0.050000 0.080000
5 0.111250 0.778750 0.052500 0.077500
5 0.223750 0.778750 0.057500 0.077500
5 0.553750 0.671250 0.052500 0.077500
5 0.665000 0.777500 0.060000 0.075000
5 0.775000 0.781250 0.060000 0.077500
5 0.883750 0.781250 0.062500 0.077500
