0 0.060156 0.752315 0.091146 0.200926
0 0.924479 0.755093 0.104167 0.210185
1 0.095833 0.583333 0.104167 0.198148
1 0.913802 0.575463 0.090104 0.149074
2 0.852865 0.470370 0.065104 0.220370
2 0.144792 0.470370 0.071875 0.192593
2 0.235937 0.190741 0.047917 0.166667
3 0.168490 0.356944 0.086979 0.212037
3 0.848437 0.322685 0.076042 0.171296
4 0.202344 0.240741 0.067187 0.227778
4 0.789844 0.233796 0.058854 0.252778
5 0.197135 0.760648 0.064062 0.149074
5 0.221094 0.601852 0.057813 0.142593
5 0.251042 0.487963 0.045833 0.138889
5 0.278125 0.392130 0.045833 0.113889
5 0.296094 0.305556 0.035937 0.101852
5 0.325260 0.216667 0.031771 0.101852
5 0.340104 0.151852 0.032292 0.100000
5 0.355208 0.089815 0.030208 0.090741
5 0.782552 0.786574 0.059896 0.173148
5 0.773958 0.622685 0.048958 0.154630
5 0.762760 0.504167 0.034896 0.156481
5 0.736719 0.395370 0.041146 0.127778
5 0.721354 0.295833 0.032292 0.121296
5 0.717708 0.213889 0.029167 0.120370
5 0.704688 0.158796 0.020833 0.110185
5 0.695833 0.085648 0.027083 0.110185
