5 0.907447 0.143333 0.095745 0.106667
5 0.920213 0.333333 0.121277 0.113333
5 0.925532 0.541667 0.102128 0.112222
5 0.920213 0.736667 0.125532 0.102222
5 0.923404 0.936667 0.127660 0.097778
1 0.755319 0.127778 0.140426 0.135556
1 0.756383 0.323889 0.142553 0.138889
1 0.775532 0.530000 0.146809 0.144444
1 0.763830 0.725556 0.127660 0.124444
1 0.775532 0.927222 0.142553 0.123333
2 0.611702 0.111111 0.108511 0.162222
2 0.594681 0.311667 0.134043 0.165556
2 0.614894 0.522222 0.131915 0.155556
2 0.606383 0.711111 0.148936 0.140000
2 0.611702 0.911667 0.146809 0.145556
0 0.442553 0.130000 0.140426 0.131111
0 0.423404 0.324444 0.148936 0.142222
0 0.446809 0.528889 0.140426 0.135556
0 0.445745 0.717222 0.142553 0.132222
0 0.447872 0.918333 0.146809 0.130000
3 0.273404 0.102778 0.087234 0.178889
3 0.248936 0.307222 0.140426 0.176667
3 0.267021 0.507222 0.155319 0.187778
3 0.277660 0.701667 0.155319 0.150000
3 0.277660 0.899444 0.151064 0.161111
4 0.105319 0.101667 0.151064 0.190000
4 0.088298 0.300556 0.142553 0.194444
4 0.094681 0.500556 0.155319 0.194444
4 0.107447 0.693333 0.159574 0.171111
4 0.100000 0.891111 0.165957 0.175556
