5 0.666000 0.853000 0.056000 0.102000
5 0.561000 0.642000 0.048000 0.094000
5 0.482500 0.578500 0.051000 0.093000
5 0.494000 0.474500 0.040000 0.081000
5 0.213000 0.377000 0.042000 0.080000
5 0.243000 0.301500 0.036000 0.073000
5 0.112500 0.289500 0.035000 0.077000
5 0.504000 0.318500 0.032000 0.073000
5 0.848000 0.384000 0.046000 0.086000
5 0.925500 0.426500 0.049000 0.091000
5 0.574500 0.222500 0.041000 0.071000
5 0.464500 0.157000 0.039000 0.070000
5 0.400500 0.101500 0.039000 0.065000
2 0.393500 0.224500 0.043000 0.107000
2 0.633000 0.186500 0.042000 0.115000
2 0.167500 0.312000 0.039000 0.114000
1 0.300000 0.325000 0.050000 0.108000
1 0.566000 0.511500 0.056000 0.127000
1 0.709000 0.355000 0.056000 0.114000
1 0.518500 0.239500 0.047000 0.117000
0 0.764000 0.264000 0.048000 0.094000
0 0.526500 0.129500 0.037000 0.077000
0 0.131500 0.403500 0.047000 0.103000
0 0.454500 0.691500 0.059000 0.119000
4 0.254500 0.484000 0.061000 0.174000
4 0.572500 0.405000 0.057000 0.154000
2 0.318000 0.255000 0.040000 0.112000
3 0.073500 0.336500 0.063000 0.137000
3 0.706500 0.215000 0.051000 0.120000
