5 0.061170 0.194814 0.077128 0.089096
5 0.188165 0.196809 0.067819 0.085106
5 0.311170 0.195479 0.063830 0.082447
5 0.437500 0.196144 0.066489 0.083777
5 0.562500 0.195479 0.066489 0.085106
5 0.687500 0.196809 0.066489 0.085106
5 0.812500 0.196144 0.061170 0.086436
5 0.936170 0.195479 0.063830 0.085106
5 0.063830 0.820479 0.058511 0.085106
5 0.186170 0.820479 0.063830 0.085106
5 0.311170 0.819149 0.061170 0.082447
5 0.438165 0.822473 0.062500 0.083777
5 0.561170 0.821144 0.066489 0.086436
5 0.686835 0.821144 0.067819 0.086436
5 0.815160 0.822473 0.063830 0.083777
5 0.938165 0.820479 0.062500 0.085106
0 0.060505 0.068484 0.078457 0.099734
0 0.936835 0.068484 0.073138 0.091755
0 0.936835 0.937500 0.070479 0.087766
0 0.062500 0.939495 0.063830 0.089096
1 0.186170 0.062500 0.082447 0.101064
1 0.811835 0.063165 0.086436 0.102394
1 0.812500 0.938830 0.077128 0.098404
1 0.188165 0.938165 0.081117 0.097074
2 0.311170 0.061835 0.074468 0.102394
2 0.686835 0.061835 0.075798 0.102394
2 0.688165 0.936835 0.067819 0.097074
2 0.310505 0.936170 0.070479 0.095745
3 0.437500 0.063165 0.101064 0.102394
3 0.439495 0.937500 0.097074 0.098404
4 0.563830 0.060505 0.098404 0.102394
4 0.563830 0.936835 0.095745 0.107713
