0 0.107884 0.089000 0.031812 0.060667
0 0.536999 0.087667 0.029737 0.063333
0 0.542185 0.351667 0.034578 0.058000
0 0.107884 0.355000 0.031812 0.056667
0 0.427386 0.813333 0.051176 0.117333
0 0.902490 0.686333 0.041494 0.080667
0 0.086100 0.637667 0.029737 0.076667
1 0.162863 0.074000 0.032503 0.068000
1 0.477178 0.071000 0.033195 0.059333
1 0.168741 0.347667 0.033195 0.059333
1 0.475795 0.350000 0.035961 0.061333
1 0.677732 0.737667 0.049793 0.106000
1 0.802559 0.708000 0.040802 0.089333
1 0.554288 0.591667 0.028354 0.059333
2 0.232019 0.078333 0.026971 0.076667
2 0.418396 0.075333 0.027663 0.080000
2 0.413900 0.353000 0.029737 0.084667
2 0.232711 0.350667 0.028354 0.080000
2 0.502420 0.609000 0.026971 0.091333
2 0.384509 0.626000 0.031812 0.100000
2 0.156639 0.659333 0.039419 0.114667
2 0.635201 0.896333 0.060166 0.154000
3 0.291494 0.070000 0.031120 0.085333
3 0.293568 0.348667 0.039419 0.101333
3 0.707123 0.613333 0.044952 0.117333
3 0.254495 0.690000 0.051176 0.161333
4 0.358921 0.071333 0.034578 0.100000
4 0.355463 0.347667 0.035961 0.108667
4 0.650761 0.594333 0.037344 0.128667
4 0.205740 0.656667 0.046335 0.166667
5 0.105463 0.178333 0.024205 0.044667
5 0.167358 0.179000 0.023513 0.046000
5 0.228216 0.182000 0.024896 0.046667
5 0.290802 0.181333 0.026971 0.048000
5 0.352351 0.180667 0.026971 0.046667
5 0.413209 0.181333 0.031120 0.048000
5 0.475450 0.177667 0.024205 0.046000
5 0.536999 0.183333 0.024205 0.046667
5 0.536999 0.455333 0.026971 0.048000
5 0.474758 0.456000 0.022822 0.049333
5 0.415284 0.458000 0.024205 0.048000
5 0.349931 0.458667 0.029046 0.049333
5 0.291494 0.455333 0.025588 0.048000
5 0.228216 0.457333 0.022130 0.052000
5 0.167358 0.456667 0.023513 0.050667
5 0.108921 0.454667 0.024205 0.049333
5 0.290456 0.687000 0.035961 0.071333
5 0.335062 0.707333 0.038036 0.073333
5 0.388313 0.733000 0.039419 0.075333
5 0.457469 0.761000 0.036653 0.076667
5 0.529391 0.796333 0.042185 0.090000
5 0.698133 0.905667 0.039419 0.094000
5 0.857538 0.706667 0.030429 0.069333
5 0.451591 0.616667 0.030429 0.054667
5 0.539419 0.668667 0.031812 0.066667
5 0.556708 0.642333 0.027663 0.059333
5 0.655947 0.680000 0.032503 0.065333
5 0.787344 0.686333 0.028354 0.072667
