0 0.318548 0.116935 0.054147 0.084101
0 0.751728 0.120392 0.044931 0.079493
0 0.748848 0.715438 0.050691 0.085253
0 0.320276 0.711982 0.048387 0.080645
1 0.387097 0.116935 0.050691 0.084101
1 0.628456 0.286866 0.042627 0.071429
1 0.687788 0.713134 0.052995 0.080645
1 0.382488 0.711406 0.052995 0.077189
2 0.447005 0.708525 0.036866 0.080645
2 0.625000 0.712558 0.033410 0.079493
2 0.626728 0.116935 0.034562 0.084101
2 0.448733 0.114055 0.033410 0.082949
3 0.568548 0.114055 0.056452 0.078341
3 0.505760 0.711982 0.057604 0.085253
4 0.505184 0.117512 0.042627 0.078341
4 0.569700 0.711406 0.044931 0.084101
5 0.323157 0.201037 0.042627 0.079493
5 0.388825 0.199885 0.044931 0.074885
5 0.447005 0.202189 0.036866 0.079493
5 0.566244 0.201613 0.038018 0.078341
5 0.630184 0.204493 0.046083 0.077189
5 0.688940 0.201613 0.046083 0.080645
5 0.508641 0.371544 0.051843 0.077189
5 0.750576 0.375576 0.040323 0.080645
5 0.384217 0.455069 0.044931 0.080645
5 0.319124 0.622120 0.046083 0.082949
5 0.445276 0.624424 0.049539 0.082949
5 0.502304 0.622696 0.050691 0.081797
5 0.565092 0.538018 0.042627 0.078341
5 0.623848 0.624424 0.042627 0.078341
5 0.688940 0.624424 0.048387 0.076037
5 0.750576 0.624424 0.042627 0.076037
