0 0.090000 0.382671 0.083333 0.281588
0 0.910833 0.382671 0.081667 0.281588
1 0.198333 0.350181 0.090000 0.324910
1 0.802500 0.355596 0.088333 0.328520
2 0.312500 0.328520 0.091667 0.382671
2 0.689167 0.326715 0.088333 0.386282
3 0.437500 0.301444 0.111667 0.436823
4 0.568333 0.281588 0.103333 0.476534
5 0.077500 0.756318 0.068333 0.234657
5 0.198333 0.759928 0.066667 0.234657
5 0.320000 0.754513 0.070000 0.231047
5 0.440000 0.758123 0.063333 0.231047
5 0.560833 0.758123 0.068333 0.231047
5 0.681667 0.756318 0.063333 0.241877
5 0.801667 0.756318 0.066667 0.234657
5 0.922500 0.758123 0.065000 0.231047
