0 0.919693 0.084497 0.071229 0.085196
0 0.138966 0.083799 0.074022 0.089385
0 0.137570 0.867318 0.076816 0.092179
0 0.919693 0.867318 0.068436 0.086592
1 0.248603 0.865922 0.089385 0.089385
1 0.807961 0.865223 0.087989 0.085196
1 0.811453 0.082402 0.089385 0.094972
1 0.247905 0.083101 0.090782 0.087989
2 0.360335 0.860335 0.044693 0.069832
2 0.694134 0.860335 0.041899 0.072626
2 0.361034 0.080307 0.048883 0.079609
2 0.692737 0.079609 0.039106 0.072626
4 0.583799 0.083799 0.081006 0.092179
4 0.587291 0.868017 0.082402 0.099162
3 0.474162 0.864525 0.093575 0.092179
3 0.469972 0.082402 0.093575 0.089385
