0 0.748611 0.882870 0.099074 0.108333
1 0.565278 0.793981 0.076852 0.132407
1 0.444444 0.048148 0.042593 0.094444
1 0.896759 0.166667 0.075000 0.088889
2 0.433796 0.716667 0.075000 0.122222
2 0.069907 0.517130 0.087963 0.128704
2 0.530093 0.053241 0.034259 0.100926
2 0.805556 0.142593 0.046296 0.100000
3 0.168056 0.558796 0.125000 0.187963
3 0.619444 0.072222 0.057407 0.142593
4 0.306944 0.619444 0.100926 0.179630
4 0.715741 0.076852 0.070370 0.151852
5 0.328704 0.065741 0.050000 0.074074
5 0.407407 0.090278 0.046296 0.075000
5 0.486111 0.115278 0.050000 0.071296
5 0.570370 0.142593 0.044444 0.074074
5 0.661574 0.177315 0.052778 0.075000
5 0.758796 0.216667 0.052778 0.085185
5 0.866667 0.252315 0.055556 0.093519
5 0.969444 0.293981 0.061111 0.095370
5 0.063426 0.398611 0.078704 0.097222
5 0.160185 0.443056 0.072222 0.087963
5 0.274074 0.492130 0.070370 0.078704
5 0.375463 0.547685 0.073148 0.100926
5 0.510185 0.609722 0.068519 0.104630
5 0.632407 0.675926 0.074074 0.092593
5 0.773611 0.736574 0.087963 0.097222
