0 0.608000 0.677395 0.070000 0.333832
0 0.058000 0.386228 0.056000 0.209581
0 0.438500 0.215569 0.033000 0.125749
0 0.879500 0.303892 0.045000 0.170659
1 0.486500 0.615269 0.051000 0.233533
1 0.110000 0.428892 0.050000 0.169162
2 0.737500 0.272455 0.033000 0.164671
2 0.384500 0.541916 0.069000 0.281437
2 0.158000 0.430389 0.050000 0.229042
2 0.555000 0.229790 0.022000 0.139222
3 0.289500 0.497754 0.081000 0.279940
3 0.659000 0.255988 0.046000 0.167665
4 0.600000 0.219311 0.036000 0.199102
4 0.215000 0.447605 0.082000 0.275449
5 0.412500 0.252994 0.027000 0.098802
5 0.465000 0.264222 0.026000 0.097305
5 0.514000 0.276946 0.030000 0.095808
5 0.565500 0.288922 0.027000 0.101796
5 0.626000 0.305389 0.032000 0.107784
5 0.692000 0.321856 0.028000 0.119760
5 0.772000 0.340569 0.028000 0.121257
5 0.845500 0.361527 0.037000 0.124251
5 0.666500 0.608533 0.049000 0.187126
5 0.549000 0.553892 0.046000 0.176647
5 0.457000 0.508982 0.032000 0.158683
