0 0.156929 0.264493 0.061141 0.159420
0 0.502717 0.105072 0.038043 0.057971
0 0.457201 0.522645 0.082880 0.222826
0 0.819293 0.264493 0.040761 0.170290
1 0.525815 0.475543 0.081522 0.201087
1 0.741168 0.317935 0.050272 0.175725
1 0.237092 0.243659 0.052989 0.135870
2 0.285326 0.192935 0.046196 0.132246
2 0.424592 0.124094 0.031250 0.074275
2 0.784647 0.274457 0.044837 0.193841
2 0.591712 0.409420 0.052989 0.217391
3 0.648098 0.354167 0.059783 0.255435
3 0.336957 0.165761 0.054348 0.168478
4 0.385870 0.138587 0.054348 0.172101
4 0.696332 0.305254 0.050272 0.273551
5 0.398777 0.492754 0.063859 0.166667
5 0.210598 0.309783 0.067935 0.141304
5 0.273098 0.281703 0.048913 0.121377
5 0.326087 0.259058 0.048913 0.123188
5 0.379076 0.238225 0.038043 0.114130
5 0.426630 0.221920 0.040761 0.110507
5 0.465353 0.196558 0.039402 0.103261
5 0.499321 0.183877 0.033967 0.096014
5 0.538723 0.166667 0.039402 0.094203
