0 0.133000 0.547000 0.047000 0.077000
0 0.503750 0.413500 0.025500 0.059000
0 0.547500 0.785500 0.053000 0.123000
0 0.884500 0.524750 0.036000 0.081500
1 0.203000 0.520500 0.047000 0.087000
1 0.461000 0.424250 0.040000 0.062500
1 0.606750 0.729250 0.062500 0.104500
1 0.849000 0.551250 0.050000 0.085500
2 0.263250 0.488500 0.038500 0.080000
2 0.421750 0.440000 0.035500 0.080000
2 0.671750 0.684750 0.044500 0.118500
2 0.813000 0.574250 0.047000 0.102500
3 0.322500 0.465500 0.043000 0.100000
3 0.725250 0.634000 0.045500 0.140000
4 0.375250 0.437250 0.042500 0.108500
4 0.770250 0.586500 0.038500 0.150000
5 0.183250 0.581250 0.044500 0.068500
5 0.250250 0.549000 0.041500 0.070000
5 0.307500 0.527750 0.033000 0.067500
5 0.361000 0.511500 0.034000 0.063000
5 0.413250 0.488500 0.035500 0.063000
5 0.461750 0.470750 0.032500 0.055500
5 0.504500 0.453500 0.027000 0.056000
5 0.543000 0.438500 0.030000 0.049000
5 0.461000 0.747250 0.046000 0.088500
5 0.529500 0.705500 0.043000 0.083000
5 0.582500 0.660000 0.034000 0.077000
5 0.636750 0.625750 0.034500 0.071500
5 0.683750 0.595000 0.031500 0.073000
5 0.805250 0.517000 0.031500 0.066000
