5 0.065811 0.198760 0.065397 0.085124
5 0.188742 0.196694 0.062914 0.080992
5 0.312914 0.199174 0.066225 0.084298
5 0.438742 0.199174 0.062914 0.084298
5 0.561672 0.200826 0.067053 0.084298
5 0.686258 0.199174 0.064570 0.084298
5 0.809603 0.199174 0.062914 0.084298
5 0.934603 0.198760 0.064570 0.085124
5 0.935844 0.819008 0.058775 0.080992
5 0.810430 0.820661 0.061258 0.080992
5 0.686258 0.820661 0.061258 0.080992
5 0.562086 0.818182 0.061258 0.082645
5 0.438742 0.817769 0.059603 0.083471
5 0.313742 0.818182 0.057947 0.082645
5 0.192467 0.819421 0.063742 0.078512
5 0.068295 0.817769 0.063742 0.078512
0 0.068295 0.068182 0.070364 0.090083
0 0.935430 0.072727 0.071192 0.092562
0 0.935844 0.940083 0.070364 0.090083
0 0.064570 0.940496 0.071192 0.092562
1 0.189570 0.066529 0.081126 0.098347
1 0.810430 0.067355 0.081126 0.096694
1 0.808775 0.935950 0.084437 0.095041
1 0.190811 0.934711 0.083609 0.095868
2 0.313742 0.065289 0.069536 0.100826
2 0.685844 0.066942 0.067053 0.100826
2 0.686258 0.935950 0.076159 0.098347
2 0.312914 0.933058 0.071192 0.100826
3 0.436258 0.067769 0.096026 0.102479
3 0.439570 0.934711 0.092715 0.095868
4 0.560844 0.933058 0.098510 0.095868
4 0.562086 0.065289 0.096026 0.104132
