0 0.234500 0.553598 0.035000 0.057721
0 0.846000 0.600075 0.038000 0.062219
0 0.445000 0.655172 0.036000 0.073463
0 0.599000 0.514618 0.032000 0.057721
2 0.345500 0.539730 0.033000 0.079460
2 0.504500 0.519490 0.029000 0.067466
2 0.563500 0.631184 0.031000 0.077961
2 0.731500 0.610195 0.029000 0.073463
5 0.263500 0.570840 0.035000 0.054723
5 0.317500 0.566342 0.027000 0.048726
5 0.376000 0.561094 0.032000 0.059220
5 0.429000 0.554723 0.038000 0.052474
5 0.479000 0.549100 0.034000 0.051724
5 0.531500 0.541229 0.033000 0.047976
5 0.583500 0.538231 0.029000 0.053973
5 0.631500 0.528861 0.033000 0.045727
