0 0.687143 0.722857 0.054286 0.102857
0 0.972857 0.462857 0.042857 0.085714
0 0.485714 0.348571 0.045714 0.068571
0 0.152857 0.570000 0.060000 0.094286
1 0.217143 0.587143 0.062857 0.100000
1 0.601429 0.694286 0.060000 0.114286
1 0.894286 0.441429 0.034286 0.100000
1 0.548571 0.357143 0.040000 0.080000
2 0.620000 0.372857 0.040000 0.100000
2 0.825714 0.414286 0.040000 0.108571
2 0.525714 0.660000 0.062857 0.120000
2 0.292857 0.595714 0.048571 0.111429
3 0.094286 0.495714 0.045714 0.122857
3 0.374286 0.611429 0.057143 0.131429
3 0.684286 0.378571 0.042857 0.111429
3 0.297143 0.377143 0.045714 0.097143
4 0.751429 0.390000 0.040000 0.128571
4 0.445714 0.627143 0.051429 0.151429
5 0.442857 0.387143 0.034286 0.065714
5 0.510000 0.400000 0.031429 0.062857
5 0.574286 0.417143 0.034286 0.062857
5 0.645714 0.435714 0.040000 0.065714
5 0.718571 0.452857 0.042857 0.071429
5 0.791429 0.467143 0.040000 0.065714
5 0.858571 0.480000 0.031429 0.062857
5 0.925714 0.500000 0.034286 0.068571
5 0.730000 0.685714 0.042857 0.074286
5 0.651429 0.665714 0.040000 0.080000
5 0.571429 0.641429 0.028571 0.071429
5 0.494286 0.620000 0.034286 0.080000
5 0.412857 0.595714 0.025714 0.077143
5 0.345714 0.575714 0.028571 0.071429
