3 0.692432 0.352539 0.095008 0.081380
3 0.436393 0.856771 0.101449 0.079427
4 0.312399 0.148438 0.096618 0.080729
4 0.813205 0.859375 0.099839 0.079427
2 0.812399 0.451497 0.077295 0.080078
2 0.437601 0.652669 0.071659 0.082682
2 0.185990 0.250326 0.077295 0.082682
2 0.688003 0.149740 0.071659 0.078125
0 0.438406 0.152018 0.070048 0.076172
0 0.936795 0.154948 0.074879 0.076823
0 0.561997 0.861003 0.066023 0.073568
0 0.063205 0.861003 0.071659 0.070964
1 0.311192 0.353190 0.087762 0.080078
1 0.685990 0.655599 0.078905 0.082031
5 0.060789 0.258464 0.061997 0.066406
5 0.312399 0.257812 0.064412 0.067708
5 0.686795 0.258138 0.066023 0.072266
5 0.818438 0.259766 0.068438 0.069010
5 0.935588 0.260091 0.069243 0.072266
5 0.562802 0.359701 0.064412 0.069661
5 0.191626 0.359701 0.066023 0.069661
5 0.438003 0.562826 0.066023 0.070964
5 0.311192 0.664388 0.061997 0.070964
5 0.063607 0.765299 0.061192 0.073568
5 0.314010 0.763997 0.061192 0.068359
5 0.687601 0.765625 0.064412 0.067708
5 0.813205 0.763997 0.067633 0.068359
5 0.937198 0.761719 0.066023 0.066406
