0 0.131389 0.491250 0.040556 0.139167
0 0.527778 0.742083 0.051111 0.154167
0 0.874444 0.419167 0.040000 0.136667
0 0.488056 0.242083 0.038333 0.115833
1 0.181389 0.502500 0.068333 0.161667
1 0.463056 0.685833 0.073889 0.183333
1 0.535278 0.250000 0.053889 0.146667
1 0.808333 0.367917 0.061111 0.152500
2 0.591389 0.279583 0.037222 0.132500
2 0.745556 0.357083 0.027778 0.144167
2 0.403056 0.656250 0.041667 0.165833
2 0.241944 0.540833 0.035000 0.148333
3 0.245833 0.326667 0.036111 0.128333
3 0.838056 0.670833 0.041667 0.175000
3 0.642222 0.302083 0.034444 0.149167
3 0.295278 0.579167 0.043889 0.175000
4 0.348333 0.587500 0.046667 0.216667
4 0.691389 0.302917 0.036111 0.182500
5 0.448889 0.279583 0.032222 0.097500
5 0.497778 0.313333 0.032222 0.098333
5 0.542222 0.334167 0.033333 0.098333
5 0.592222 0.359583 0.028889 0.097500
5 0.651667 0.381250 0.030000 0.095833
5 0.703611 0.415417 0.032778 0.102500
5 0.765833 0.440417 0.040556 0.105833
5 0.826389 0.471250 0.037222 0.119167
5 0.592500 0.705833 0.043889 0.123333
