0 0.528516 0.896484 0.042969 0.042969
0 0.554688 0.330078 0.043750 0.041406
0 0.090234 0.159766 0.055469 0.049219
0 0.485938 0.737109 0.045312 0.049219
5 0.290625 0.330859 0.045312 0.042969
5 0.357031 0.323437 0.035937 0.034375
5 0.425000 0.392188 0.035937 0.039062
5 0.695703 0.324219 0.036719 0.039062
5 0.766797 0.324219 0.030469 0.042188
5 0.625391 0.464062 0.032031 0.037500
5 0.636328 0.528125 0.033594 0.039062
5 0.694141 0.669531 0.033594 0.037500
5 0.426563 0.670312 0.032813 0.039062
5 0.358594 0.668750 0.035937 0.042188
5 0.291406 0.666406 0.037500 0.037500
5 0.253125 0.905078 0.035937 0.039844
5 0.321875 0.857031 0.043750 0.040625
5 0.901953 0.622266 0.035156 0.041406
5 0.039062 0.285938 0.045312 0.037500
5 0.152734 0.131250 0.046094 0.043750
1 0.083594 0.270313 0.073438 0.078125
1 0.203125 0.097266 0.057813 0.053906
1 0.405078 0.959375 0.091406 0.065625
1 0.405078 0.894141 0.047656 0.047656
2 0.919141 0.655859 0.069531 0.047656
2 0.095312 0.110547 0.053125 0.046094
2 0.109766 0.223828 0.050781 0.046094
