      0/14     1.92G   0.01938   0.01171  0.007728   0.03882         7       640    0.9062    0.9077      0.95    0.7369   0.03608   0.01387   0.01065
      1/14     12.2G   0.02069   0.01243  0.007558   0.04068        27       640    0.8845    0.9293    0.9508    0.7308   0.03618   0.01395   0.01058
      2/14     11.1G   0.02171   0.01128  0.007884   0.04088        12       640    0.8756    0.9312    0.9533    0.7318   0.03629   0.01417   0.01055
      3/14     11.1G   0.02051   0.01278  0.007498    0.0408        21       640    0.8658    0.9176    0.9462    0.7075   0.03703    0.0139   0.01052
      4/14     11.1G   0.02099   0.01215  0.007288   0.04043        23       640    0.8658    0.9425    0.9498    0.7187   0.03702   0.01423   0.01036
      5/14     11.3G   0.02109   0.01268  0.007112   0.04088        21       640    0.8818    0.9456    0.9522     0.723   0.03682   0.01414   0.01022
      6/14     11.3G   0.02495   0.01305  0.007001     0.045        30       640    0.8648    0.9308    0.9458    0.6339   0.03968   0.01479   0.01056
      7/14     11.3G   0.02503   0.01334   0.00761   0.04597        39       640    0.8597    0.9249    0.9347    0.6709     0.039   0.01479   0.01079
      8/14     11.3G   0.02373   0.01184  0.007334    0.0429        51       640    0.8823    0.9153    0.9344    0.6584   0.03845   0.01472   0.01076
      9/14     11.4G   0.02428   0.01326   0.00835    0.0459        19       640    0.9058    0.9138    0.9489    0.7062   0.03719   0.01476   0.01053
     10/14     11.4G   0.02181   0.01209  0.006559   0.04046        21       640    0.8936    0.9118    0.9537     0.717   0.03661   0.01452   0.01042
     11/14     11.4G   0.02046   0.01243  0.006124   0.03902        44       640    0.9284    0.8917    0.9486    0.7144   0.03766   0.01461    0.0103
     12/14     11.4G   0.02039   0.01205  0.006693   0.03913        26       640     0.896    0.9111     0.945    0.7246   0.03705   0.01432   0.01025
     13/14     11.4G   0.01999   0.01228  0.006328   0.03859        37       640    0.9084    0.9133     0.947    0.7135   0.03654   0.01454    0.0101
     14/14     11.4G    0.0193   0.01285   0.00605    0.0382        17       640    0.9032    0.8962     0.943    0.7313   0.03603   0.01444   0.01018
